0.0 -0.00
0.1 -0.03
0.2 -0.12
0.3 -0.26
0.4 -0.45
0.5 -0.69
0.6 -0.96
0.7 -1.25
0.8 -1.54
0.9 -1.84
1.0 -2.12
1.1 -2.38
1.2 -2.61
1.3 -2.79
1.4 -2.91
1.5 -2.98
1.6 -3.00
1.7 -2.95
1.8 -2.85
1.9 -2.69
2.0 -2.48
2.1 -2.24
2.2 -1.96
2.3 -1.67
2.4 -1.37
2.5 -1.07
2.6 -0.80
2.7 -0.55
2.8 -0.34
2.9 -0.17
3.0 -0.06
3.1 -0.01
3.2 -0.01
3.3 -0.07
3.4 -0.20
3.5 -0.37
3.6 -0.59
3.7 -0.84
3.8 -1.12
3.9 -1.42
4.0 -1.72
4.1 -2.01
4.2 -2.28
4.3 -2.52
4.4 -2.72
4.5 -2.87
4.6 -2.96
4.7 -3.00
4.8 -2.98
4.9 -2.90
5.0 -2.76
5.1 -2.57
5.2 -2.34
5.3 -2.08
5.4 -1.79
5.5 -1.49
5.6 -1.20
5.7 -0.91
5.8 -0.65
5.9 -0.42
6.0 -0.23
6.1 -0.10
6.2 -0.02
6.3 -0.00
6.4 -0.04
6.5 -0.14
6.6 -0.29
6.7 -0.49
6.8 -0.73
6.9 -1.00
7.0 -1.29
7.1 -1.59
7.2 -1.89
7.3 -2.17
7.4 -2.42
7.5 -2.64
7.6 -2.81
7.7 -2.93
7.8 -2.99
7.9 -2.99
8.0 -2.94
8.1 -2.82
8.2 -2.65
8.3 -2.44
8.4 -2.19
8.5 -1.91
8.6 -1.62
8.7 -1.32
8.8 -1.03
8.9 -0.75
9.0 -0.51
9.1 -0.31
9.2 -0.15
9.3 -0.05
9.4 -0.00
9.5 -0.02
9.6 -0.09
9.7 -0.22
9.8 -0.40
9.9 -0.63
10.0 -0.89
10.1 -1.17
10.2 -1.47
10.3 -1.77
10.4 -2.06
10.5 -2.32
10.6 -2.55
10.7 -2.75
10.8 -2.89
10.9 -2.97
11.0 -3.00
11.1 -2.97
11.2 -2.88
11.3 -2.73
11.4 -2.54
11.5 -2.30
11.6 -2.03
11.7 -1.74
11.8 -1.44
11.9 -1.15
12.0 -0.86
12.1 -0.61
12.2 -0.38
12.3 -0.21
12.4 -0.08
12.5 -0.01
12.6 -0.00
12.7 -0.05
12.8 -0.16
12.9 -0.32
13.0 -0.53
13.1 -0.78
13.2 -1.05
13.3 -1.34
13.4 -1.64
13.5 -1.94
13.6 -2.21
13.7 -2.46
13.8 -2.67
13.9 -2.83
14.0 -2.94
14.1 -3.00
14.2 -2.99
14.3 -2.92
14.4 -2.80
14.5 -2.62
14.6 -2.40
14.7 -2.15
14.8 -1.86
14.9 -1.57
15.0 -1.27
15.1 -0.98
15.2 -0.71
15.3 -0.47
15.4 -0.28
15.5 -0.13
15.6 -0.03
15.7 -0.00
15.8 -0.03
15.9 -0.11
16.0 -0.25
16.1 -0.44
16.2 -0.67
16.3 -0.93
16.4 -1.22
16.5 -1.52
16.6 -1.82
16.7 -2.10
16.8 -2.36
16.9 -2.59
17.0 -2.77
17.1 -2.91
17.2 -2.98
17.3 -3.00
17.4 -2.96
17.5 -2.86
17.6 -2.70
17.7 -2.50
17.8 -2.26
17.9 -1.98
18.0 -1.69
18.1 -1.39
18.2 -1.10
18.3 -0.82
18.4 -0.57
18.5 -0.35
18.6 -0.18
18.7 -0.07
18.8 -0.01
18.9 -0.01
19.0 -0.07
19.1 -0.18
19.2 -0.35
19.3 -0.57
19.4 -0.82
19.5 -1.10
19.6 -1.40
19.7 -1.69
19.8 -1.99
19.9 -2.26
20.0 -2.50
20.1 -2.70
20.2 -2.86
20.3 -2.96
20.4 -3.00
20.5 -2.98
20.6 -2.90
20.7 -2.77
20.8 -2.59
20.9 -2.36
21.0 -2.10
21.1 -1.81
21.2 -1.52
21.3 -1.22
21.4 -0.93
21.5 -0.67
21.6 -0.44
21.7 -0.25
21.8 -0.11
21.9 -0.02
22.0 -0.00
22.1 -0.04
22.2 -0.13
22.3 -0.28
22.4 -0.47
22.5 -0.71
22.6 -0.98
22.7 -1.27
22.8 -1.57
22.9 -1.87
23.0 -2.15
23.1 -2.40
23.2 -2.62
23.3 -2.80
23.4 -2.92
23.5 -2.99
23.6 -3.00
23.7 -2.94
23.8 -2.83
23.9 -2.67
24.0 -2.46
24.1 -2.21
24.2 -1.94
24.3 -1.64
24.4 -1.34
24.5 -1.05
24.6 -0.77
24.7 -0.53
24.8 -0.32
24.9 -0.16
25.0 -0.05
25.1 -0.00
25.2 -0.01
25.3 -0.08
25.4 -0.21
25.5 -0.39
25.6 -0.61
25.7 -0.87
25.8 -1.15
25.9 -1.45
26.0 -1.74
26.1 -2.03
26.2 -2.30
26.3 -2.54
26.4 -2.73
26.5 -2.88
26.6 -2.97
26.7 -3.00
26.8 -2.97
26.9 -2.89
27.0 -2.74
27.1 -2.55
27.2 -2.32
27.3 -2.05
27.4 -1.77
27.5 -1.47
27.6 -1.17
27.7 -0.89
27.8 -0.63
27.9 -0.40
28.0 -0.22
28.1 -0.09
28.2 -0.02
28.3 -0.00
28.4 -0.05
28.5 -0.15
28.6 -0.31
28.7 -0.51
28.8 -0.76
28.9 -1.03
29.0 -1.32
29.1 -1.62
29.2 -1.92
29.3 -2.19
29.4 -2.44
29.5 -2.66
29.6 -2.82
29.7 -2.94
29.8 -2.99
29.9 -2.99
30.0 -2.93
30.1 -2.81
30.2 -2.64
30.3 -2.42
30.4 -2.17
30.5 -1.89
30.6 -1.59
30.7 -1.29
30.8 -1.00
30.9 -0.73
31.0 -0.49
31.1 -0.29
31.2 -0.14
31.3 -0.04
31.4 -0.00
31.5 -0.02
31.6 -0.10
31.7 -0.24
31.8 -0.42
31.9 -0.65
32.0 -0.91
32.1 -1.20
32.2 -1.50
32.3 -1.79
32.4 -2.08
32.5 -2.34
32.6 -2.57
32.7 -2.76
32.8 -2.90
32.9 -2.98
33.0 -3.00
33.1 -2.96
33.2 -2.87
33.3 -2.72
33.4 -2.52
33.5 -2.28
33.6 -2.01
33.7 -1.72
33.8 -1.42
33.9 -1.12
34.0 -0.84
34.1 -0.59
34.2 -0.37
34.3 -0.19
34.4 -0.07
34.5 -0.01
34.6 -0.01
34.7 -0.06
34.8 -0.17
34.9 -0.34
35.0 -0.55
35.1 -0.80
35.2 -1.08
35.3 -1.37
35.4 -1.67
35.5 -1.96
35.6 -2.24
35.7 -2.48
35.8 -2.69
35.9 -2.85
36.0 -2.95
36.1 -3.00
36.2 -2.98
36.3 -2.91
36.4 -2.78
36.5 -2.60
36.6 -2.38
36.7 -2.12
36.8 -1.84
36.9 -1.54
37.0 -1.24
37.1 -0.95
37.2 -0.69
37.3 -0.45
37.4 -0.26
37.5 -0.12
37.6 -0.03
37.7 -0.00
37.8 -0.03
37.9 -0.12
38.0 -0.26
38.1 -0.46
38.2 -0.69
38.3 -0.96
38.4 -1.25
38.5 -1.55
38.6 -1.84
38.7 -2.13
38.8 -2.38
38.9 -2.61
39.0 -2.79
39.1 -2.91
39.2 -2.99
39.3 -3.00
39.4 -2.95
39.5 -2.84
39.6 -2.68
39.7 -2.48
39.8 -2.23
39.9 -1.96
40.0 -1.67
40.1 -1.37
40.2 -1.07
40.3 -0.79
40.4 -0.55
40.5 -0.33
40.6 -0.17
40.7 -0.06
40.8 -0.00
40.9 -0.01
41.0 -0.08
41.1 -0.20
41.2 -0.37
41.3 -0.59
41.4 -0.84
41.5 -1.13
41.6 -1.42
41.7 -1.72
41.8 -2.01
41.9 -2.28
42.0 -2.52
42.1 -2.72
42.2 -2.87
42.3 -2.96
42.4 -3.00
42.5 -2.98
42.6 -2.89
42.7 -2.76
42.8 -2.57
42.9 -2.34
43.0 -2.08
43.1 -1.79
43.2 -1.49
43.3 -1.19
43.4 -0.91
43.5 -0.65
43.6 -0.42
43.7 -0.23
43.8 -0.10
43.9 -0.02
44.0 -0.00
44.1 -0.04
44.2 -0.14
44.3 -0.29
44.4 -0.49
44.5 -0.73
44.6 -1.01
44.7 -1.30
44.8 -1.60
44.9 -1.89
45.0 -2.17
45.1 -2.43
45.2 -2.64
45.3 -2.81
45.4 -2.93
45.5 -2.99
45.6 -2.99
45.7 -2.94
45.8 -2.82
45.9 -2.65
46.0 -2.44
46.1 -2.19
46.2 -1.91
46.3 -1.62
46.4 -1.32
46.5 -1.02
46.6 -0.75
46.7 -0.51
46.8 -0.30
46.9 -0.15
47.0 -0.05
47.1 -0.00
47.2 -0.02
47.3 -0.09
47.4 -0.22
47.5 -0.40
47.6 -0.63
47.7 -0.89
47.8 -1.17
47.9 -1.47
48.0 -1.77
48.1 -2.06
48.2 -2.32
48.3 -2.56
48.4 -2.75
48.5 -2.89
48.6 -2.97
48.7 -3.00
48.8 -2.97
48.9 -2.88
49.0 -2.73
49.1 -2.53
49.2 -2.30
49.3 -2.03
49.4 -1.74
49.5 -1.44
49.6 -1.14
49.7 -0.86
49.8 -0.60
49.9 -0.38
